$ANSIBLE_VAULT;1.2;AES256;bug
63383133646439636661343462363836616338316432623735323539366166313039326631646534
3461626230356363613464323933303432303563643134350a626130373936666466666465306139
31356561313238356131633764336562383564643732666563373831306630353061333232623031
3965396233663865640a336331346138613462346662656566646464363366366262623361636163
31363134653837323162326538623165376435663038623739323665626230643631643236616338
30306166323736643966616630613062393834623838376363613237636166666364616163303237
36633531613065316433666361376266623836653632626464376434313761373465616531346532
33316166633532633065653335616138346233353337666132373663386261613763353730663637
39323265653831666435373230633031333033366435336165363861616233356139386432636632
62623038313565393732363838336532643136326631336230303435636631343866616165356131
30346330613738643930316630333339316333643564656165303435633365613737616437633633
65346461323164316631343264343636356637303861326564383730663430326461303131356534
61323362386562393062343239396566373662663966346533346533363937393430366132633735
39373564326630336563646164346432343439376238313561666166313932656537383632386430
30633034303466303264313761363934663231323930366262653765343961623430376338616537
38353636666236376363623638613966646330396636333661633135343566323166323361636330
66346535393736383365656233346365613337383861373534313432386335343938343965396438
32653661616334323437383433666132633235616166616133303364626661643365303433323233
65623563356463303935636637616535303834373135613830346562363462303335393762386637
34653332313830303533646232363064343463306333643661363231636663396465373232663631
62623938373133633738636266393630636534643432646462613738386535316130346439613131
34323932636163616134326438663465386135353164623465343131366464343639656638306465
65376666366364333265663166393965636139316161313033373966653263363765336435643131
32346364363762623732
